4294967279,44
4294967279,43
4294967279,42
4294967279,41
4294967279,40
4294967278,187
4294967278,182
4294967279,176
4294967278,398
4294967278,346
4294967279,39
4294967279,35
4294967279,33
4294967279,32
4294967279,30
4294967279,28
4294967279,27
4294967279,25
4294967279,22
4294967279,21
4294967279,20
4294967279,19
4294967279,18
4294967279,17
4294967279,16
4294967279,12
4294967279,11
4294967279,10
4294967279,305
4294967278,271
4294967278,247
4294967279,256
4294967278,373
4294967278,253
4294967279,248
4294967279,243
4294967278,238
4294967279,235
4294967279,233
4294967278,228
4294967279,225
4294967278,218
4294967279,217
4294967279,215
4294967278,214
4294967278,212
4294967279,210
4294967279,205
4294967278,204
4294967279,204
4294967279,203
4294967278,202
4294967278,195
4294967279,191
4294967278,185
4294967279,185
4294967278,184
4294967279,184
4294967279,183
4294967278,179
4294967278,175
4294967278,170
4294967279,170
4294967278,168
4294967278,167
4294967278,161
4294967278,160
4294967279,160
4294967278,159
4294967279,159
4294967278,158
4294967278,153
4294967279,152
4294967278,152
4294967279,151
4294967278,151
4294967279,150
4294967278,150
4294967279,149
4294967278,149
4294967279,148
4294967279,143
4294967279,142
4294967278,142
4294967279,141
4294967278,141
4294967278,140
4294967279,136
4294967279,271
4294967279,280
4294967278,273
4294967279,277
4294967278,270
4294967278,269
4294967279,261
4294967279,549
4294967278,257
4294967279,547
4294967278,353
4294967278,352
4294967279,562
4294967279,250
4294967279,249
4294967278,431
4294967278,260
4294967279,299
4294967279,247
4294967279,245
4294967294,6
4294967294,22
4294967294,17
4294967294,42
4294967294,67
4294967294,99
4294967294,76
4294967294,416
4294967294,25
4294967294,946
4294967294,26
4294967294,969
4294967294,82
4294967294,1414
4294967278,132
4294967278,131
4294967278,130
4294967278,129
4294967278,128
4294967278,127
4294967278,126
4294967278,125
4294967278,124
4294967278,123
4294967278,122
4294967278,121
4294967278,120
4294967278,119
4294967278,118
4294967278,117
4294967278,116
4294967278,115
4294967278,114
4294967278,113
4294967278,112
4294967278,111
4294967278,110
4294967278,109
4294967278,108
4294967278,107
4294967278,106
4294967278,105
4294967278,104
4294967278,103
4294967278,102
4294967278,101
4294967278,100
4294967278,99
4294967278,98
4294967278,97
4294967278,96
4294967278,95
4294967278,94
4294967278,93
4294967278,92
4294967278,91
4294967278,90
4294967278,89
4294967278,87
4294967278,86
4294967278,85
4294967278,84
4294967278,83
4294967278,82
4294967278,81
4294967278,80
4294967278,79
4294967278,78
4294967278,406
4294967278,77
4294967278,401
4294967278,76
4294967278,75
4294967278,74
4294967278,73
4294967278,72
4294967278,71
4294967278,70
4294967278,69
4294967278,68
4294967278,67
4294967278,66
4294967278,65
4294967278,64
4294967278,63
4294967278,62
4294967278,0
4294967279,90
4294967279,87
4294967279,86
4294967279,85
4294967279,84
4294967279,81
4294967279,79
4294967279,76
4294967279,73
4294967279,70
4294967279,65
4294967279,540
4294967279,61
4294967279,60
4294967279,59
4294967279,53
4294967279,52
4294967279,50
4294967279,49
4294967279,46
4294967279,38
4294967279,37
4294967279,36
4294967279,34
4294967279,31
4294967279,29
4294967279,26
4294967279,24
4294967279,23
4294967279,15
4294967279,14
4294967279,13
4294967279,9
4294967279,8
4294967279,7
4294967279,6
4294967279,5
4294967279,4
4294967279,345
4294967279,241
4294967279,239
4294967279,237
4294967279,266
4294967279,236
1453,7
4294967279,231
4294967279,298
1453,6
4294967294,474
4294967279,229
4294967278,405
4294967279,227
1453,5
4294967279,223
4294967278,222
1453,4
4294967279,221
1453,3
1453,2
1453,1
4294967279,295
4294967279,219
4294967294,5
4294967279,522
4294967279,523
4294967278,404
4294967279,537
4294967279,320
4294967279,213
0,5
4294967294,7
4294967279,212
4294967279,310
4294967279,211
4294967279,209
4294967279,206
1452,6
4294967279,208
1452,5
1452,4
4294967279,207
1452,3
1452,2
1452,1
4294967279,521
4294967278,430
4294967279,92
4294967279,518
4294967278,203
4294967279,91
4294967279,308
4294967279,202
4294967279,89
4294967279,201
4294967279,369
4294967279,200
4294967278,194
4294967278,189
4294967279,328
4294967279,517
4294967278,323
4294967279,326
4294967279,186
4294967279,515
1449,6
4294967279,565
4294967278,183
4294967279,182
4294967278,181
4294967279,181
4294967278,180
4294967279,180
4294967279,179
4294967278,178
4294967279,178
1449,5
4294967278,177
1449,4
4294967279,177
1449,3
1449,2
1449,1
4294967278,176
4294967279,175
4294967278,173
4294967279,173
4294967278,172
4294967279,172
4294967278,171
4294967279,171
4294967294,397
4294967294,406
4294967294,177
4294967294,402
4294967294,414
4294967294,417
4294967294,409
4294967278,396
4294967279,371
4294967278,386
4294967279,288
4294967278,166
4294967278,165
4294967278,162
4294967278,164
1447,5
4294967279,164
1447,4
4294967278,163
1447,3
1447,2
1447,1
4294967278,294
4294967278,303
4294967279,375
4294967278,221
4294967278,341
4294967279,158
4294967278,157
4294967279,157
4294967278,156
4294967279,153
4294967279,155
4294967278,155
4294967279,154
4294967278,154
4294967278,317
4294967293,131
4294967293,130
4294967293,129
4294967293,128
4294967293,127
4294967293,126
4294967293,125
